[gd_scene load_steps=12 format=2]

[ext_resource path="res://src/Objects/PotCookTest.tscn" type="PackedScene" id=1]
[ext_resource path="res://src/Actors/PlayerTest.tscn" type="PackedScene" id=2]
[ext_resource path="res://src/Objects/PumpkinMovable.tscn" type="PackedScene" id=3]
[ext_resource path="res://src/Objects/LightTest.tscn" type="PackedScene" id=4]
[ext_resource path="res://Assets/2d/enviroments/sky.png" type="Texture" id=5]
[ext_resource path="res://src/Objects/PotCook.tscn" type="PackedScene" id=6]
[ext_resource path="res://src/Objects/PumpkinMoveableCarved.tscn" type="PackedScene" id=7]

[sub_resource type="SpatialMaterial" id=2]

[sub_resource type="PlaneMesh" id=1]
material = SubResource( 2 )
size = Vector2( 50, 50 )

[sub_resource type="PanoramaSky" id=3]
panorama = ExtResource( 5 )

[sub_resource type="Environment" id=4]
background_mode = 2
background_sky = SubResource( 3 )

[node name="Main" type="Spatial"]

[node name="CSGMesh" type="CSGMesh" parent="."]
use_collision = true
mesh = SubResource( 1 )

[node name="DirectionalLight" type="DirectionalLight" parent="."]
transform = Transform( -0.898587, -0.438795, -2.58413e-08, 0.3373, -0.690741, 0.639613, -0.280659, 0.574749, 0.768697, 0, 0, 0 )
light_color = Color( 0.52549, 0.392157, 0.160784, 1 )
shadow_enabled = true

[node name="PotCookTest" parent="." instance=ExtResource( 1 )]
transform = Transform( 1, 0, 0, 0, 1, 0, 0, 0, 1, 0, 0.774147, 0 )

[node name="Spatial" type="Spatial" parent="."]
transform = Transform( 1, 0, 0, 0, 0.642788, 0.766045, 0, -0.766044, 0.642788, 1, 10, 13 )

[node name="SpringArm" type="SpringArm" parent="Spatial"]

[node name="Camera" type="Camera" parent="Spatial/SpringArm"]
transform = Transform( 0.999388, 0.0096171, -0.0336366, -0.0204175, 0.941081, -0.337565, 0.0284083, 0.338045, 0.940701, 0, 0, 0 )

[node name="PlayerTest" parent="." instance=ExtResource( 2 )]
transform = Transform( 1, 0, 0, 0, 1, 0, 0, 0, 1, 0, 1.90025, -2.04186 )

[node name="PlayerTest2" parent="." instance=ExtResource( 2 )]
transform = Transform( 1, 0, 0, 0, 1, 0, 0, 0, 1, 2.67654, 1.44764, 0 )
player = 2

[node name="PlayerTest3" parent="." instance=ExtResource( 2 )]
transform = Transform( 1, 0, 0, 0, 1, 0, 0, 0, 1, 3.92949, 1.44764, -11.31 )
player = 3

[node name="PlayerTest4" parent="." instance=ExtResource( 2 )]
transform = Transform( 1, 0, 0, 0, 1, 0, 0, 0, 1, 2.67654, 1.44764, 2.29331 )
player = 4

[node name="CSGBox" type="CSGBox" parent="."]
transform = Transform( 1, 0, 0, 0, 1, 0, 0, 0, 1, -2.62812, 0.0667579, 2.5695 )
use_collision = true

[node name="PumpkinMovable" parent="." instance=ExtResource( 3 )]
transform = Transform( 1, 0, 0, 0, 1, 0, 0, 0, 1, -3.22148, 2.52151, 2.82445 )

[node name="LightTest" parent="." instance=ExtResource( 4 )]
transform = Transform( 1, 0, 0, 0, 1, 0, 0, 0, 1, 1, 0, 4 )

[node name="WorldEnvironment" type="WorldEnvironment" parent="."]
environment = SubResource( 4 )

[node name="PotCook" parent="." instance=ExtResource( 6 )]
transform = Transform( 1, 0, 0, 0, 1, 0, 0, 0, 1, 0.940649, 2.02234, 4.11828 )

[node name="PumpkinMovable2" parent="." instance=ExtResource( 7 )]
transform = Transform( 0.619491, 0, -0.785003, 0, 1, 0, 0.785003, 0, 0.619491, 5.11999, 0.4568, 0 )
